1111111

Cambridge, 100110, 01,, contium
0001101100, 1105111158 81, 185
cm, 18011110 10,·185

00110,11001011,115
0111011, 7111100180,185

annnffffl'w 11011 01110 0110101,

81111111108110108 80,1 187

ἓξ, 1158555011 11110111111018.
0101 7 ‚ ·

01,.1810, 186

- Ε511111111,5έ1180,185,185
851, 5010 18 »

(111101, 1850111 186 .
(10801010, 81101, 185
(1055105,’811110’1010011, 188
(11010,11115010110,18’8
1111011511 10100150

1110100, 1110 80’, 186 v
11010080,- 18111111 80, 185, 186
110115,1’81111110,188-
11015’8051101110,110110101010101,
185

’ 11011151, 1811111111, 184
amandato-e. (11111011 80, 186
1101010, 1811110080,185

1101111115 ,50110 ’188

1100105800, Constante 80, 185
1051105100, 8101111 80,18’5
Insula, Philip 81ἑΙ 1

1188188118

10011,(ῖ111011101,188’ ·
[1110110 011101, ’186

1111110, waliam. 185
11018111101, 80101181, 187
1101001, (1081105 10, 187 -
1111111, Thomas, 185

Pathum, Ricbud 807185
8111000101, 1811101 111 10111 01, 181
81151, william 80, 187

Pila, flaveyJ-JSJ

'- 8111011, 1811110185

80011010, 110501, wife 01, 185

’ 80111011, 5010185
8101805010185

11111111, Sym 0186
11010080018811111 10, 186
1011011,7010,115

· 1105 01 110 50181011 185
11111111, 11101101, 185
11115010 10, 150

8005011010, 81511 80, 187
8011011018, 11100 81, 185
8011111010, 811011 11. 185
811011150181101, 188

80010, 1101111, willin- 1011 01, 185
Senon, 88111101, 185
8000105110, 010011 01,-185 ·

80511111,85011, 188

1110115011 11, 115 ·- ”·
sm, 10111 0,·191 ·

Το0001 01,-1111080185 ι

Τ11011, 11110810, 186
-,(110810511, 186·
- --11050110185186
8100111, 1110111111 10, ’187
181181, 11111181 80, 187 ’
181180101111181, 185
1801111, 11111118 80, 185·
1810111011, 1101011 80, 185
1800110, 1811111101,10’1101,188
(ἶ1011111850,10110711110011051180010100
11885111888851,
1011111415111011111111111110001115
101 1100115181οΜ18111010018111,
88, controversy 101500110501010
108 1108101108111, 857 0-
10101 1011100001,50,11111’;1111150
101108111010111081οΡ110151, 17
rent 01 101. 10 10100510510 11
David 000101 1010 0011111100 01110
81101, 55, 11117 60101010( 1108 with
100101 and rents given 15 Tho.
815101, 57, stone 100101 05501110
1001. 018. sepulchre given by
1101.8081111100,07,.11577111-
800110 01 11081 1018·ιο 8000100
by Prior 108 0001001, 10111780
acres, 587 01 110 5111 01 Hugh
1100011110 (5111111 18115150
001101170111051801181010111
de 11110101151018,510101,1·1.7
01 110 511101 (1011031011 11111181,
1 1010017805 110015 111
56ίὲ1518555, 1517 51οξ 1515101150
1 0 10
on 111ἔ 1001611881 110 100005 1115
1010 110 gates 108 8ο 010
81015505 1157 ·01 110101001018
m Semta, 1507 1511101.
1510811715 Reg. Bura, 1”1.7
dis ute 0111 110 010000· about 1
81111015,155,155711011011110
50015, 011008 15 Roget (118118,
v 5151053 1010 1101108555ι 11015051
10 10001, 1 10 0
110015 ’1111113118 01 right 10
1111015101ὴῖ 0101, 1677 0( 110
1100010110 10 110 0111111 of S.
80501111001101111101 80 101001·
101011108101011111Ρ185, 185701
110 ’8110150 8000 10110010101101
85010 81511111511100101011101,
110· ,001
800080511011170( 11101111·

 

