336 Inda

0111111111 ,1111111 111313181111311 111111 11111111 (1136), 11 coneum,
011111111141· 111111110111111· 1933 11 11113111, 1’6.· ,0111113111
111, 1313 31311111113111131111111, 1413,Μ111)111 131

-2-73erter 111 11111113 11111111311 63111111ῗῄ11 11ω11311111ΒΜΗ 3²⁰
committed 111111 Burour’ Wur, 31, Crux Royr, 111 11131111
333311311111111 11111111111111111,0113110131ῐ11111331119111111111111111111111

01111131, see 0111113 0111111, Alexander 111111 11 1111

01131111, 111110113111011111111111) Ρ1111’1111111111,181,181

0111113111111111111111,1111111111-0111111111,111 0111111111

11111(113,16) 0111),]111111, 139
01111113501131111, 184111 —- ‚Wydo 11, 11.
0111131111 customary 11111 11, 163 0111111111, 111 0111111111
-, 1111111111 11131131 customary 01111,011111,Ν11111111111111 1
1111111111,163 1111111131 13911111 11111111 11 Au
01111,1111111111111111 11 Guildeu 8111111311011111,111111111
1111111,111)·“1111,183,
concumbe, 1111113 11 obligutious' ru 03911111111113 1111131111, 33
· respect 11 Μ11111, 1431 9131111111-
pledge 11 1111111311111,133 1111111111, 11111111111111111133161111111)
01111111, 01111111,111113111 31131 1111131113111 1111911113 3
0111111111, 013 11, 136 1)11113,1111111111111111111 Whittler·
01111,1111111111131710111111,13 1111, 31
011111,1101111,111111111111’11111 11111,111111111,31
caldecote, 141, 143 1111111, 011111131311111111 8111111111,
01131,811111111111111111111131111 311,13
JoJsrrrrnrmGilb ..Peclre 111111 second Darne 1111111’11111111(1131111), 139,
rere 31 191 ,
error, 1151013111 111111111111113111111111111111111111-
01113101111113111111111011111111,111134
1111131 ,31111111 holds 111111 0111111
0111ῐί111, Roget sorr 1111111111 11 1111113163
1111113113, 319 -Ρ111113111111111111111111111-
0111111111, 1111111111, 148 1111111134
01131111,11113)11111 111111111111111 1111118111111111111311111111111
8,Ρε.11111111, 1111111, 1413 11111111 11111111131131111111 11 puid 11 the
3111111111 111111 111111 143,1ιι1 111 111111, 933 111111 111111 01111
1111111111 Ρ1111111111113111 11 81111111,131 .,
11111111, 163111111111,1441)111111(111113)133
0111111111,111311111,13’11111,113 1)111111,1111111111
Crowlund. see 01131111 11111111 111111111131111111, 131
011111, John: holds 111111 0111111111,-11114>1111111111111111111111
011111111111111111111111111111111111 Ϊη111181111 11111111111111111

(1136),4 113331ίέᾱέ ,1111111113 dues, 1433 164
view 11 1113111131134111111111111111111111111111

0113111· ί9111 or 1111111 43111111 11 11111111,11111111111111111111111131

canorus o S (1111113811 Pcrerrl, irr the 11111851( 11113 sepulchre,
433 311111111111111113 R· 01111111,

113111 11111114 ,1111111111 111 1)1111,1“1111111Β 11 (111111 Pn'orJ: 11-
111 11111111, 11111Η 11111111 (1136), 11111111, 633 ·11111111111111, 111
196311.(1191)11131111 11111111 01111131111111111113111111, 163
1111111133111111111111 11111, 1111111311111111111111311111111166
111, 1463 11111111137 11111, 148, 1111111, (111111, 188

view 11 (1111311131, 11111 11111111111114111

-, 11 11311111 11119111111311-0111“311111111111,189
11111 11,1313111111111111 811111- 1111111111111111111111, 111 1111111

{rum 11111613 31131 1111131113111 111111111111, 11131111, 438 1111- 1111
0113111, 1341 11 1111131111,133 1111111111 ,
0113111111111111111111111111111111111 - ,1111311ΓΛΤ11361011 111),1311111, 111

 

